{
  "exact": 80.87038789025544,
  "f1": 88.67964179873631,
  "total": 10570,
  "HasAns_exact": 80.87038789025544,
  "HasAns_f1": 88.67964179873631,
  "HasAns_total": 10570
}

