{
  "exact": 80.21759697256385,
  "f1": 87.94263692549254,
  "total": 10570,
  "HasAns_exact": 80.21759697256385,
  "HasAns_f1": 87.94263692549254,
  "HasAns_total": 10570
}

